%YAML:1.0
aruco_bc_nmarkers: 24
aruco_bc_mInfoType: 1
aruco_bc_markers:
   - { id:860, corners:[ [ -8.0499999225139618e-02,
       -1.2249999493360519e-01, 0. ], [ -4.5499999076128006e-02,
       -1.2249999493360519e-01, 0. ], [ -4.5499999076128006e-02,
       -8.7499998509883881e-02, 0. ], [ -8.0499999225139618e-02,
       -8.7499998509883881e-02, 0. ] ] }
   - { id:759, corners:[ [ -3.8499999791383743e-02,
       -1.2249999493360519e-01, 0. ], [ -3.4999998752027750e-03,
       -1.2249999493360519e-01, 0. ], [ -3.4999998752027750e-03,
       -8.7499998509883881e-02, 0. ], [ -3.8499999791383743e-02,
       -8.7499998509883881e-02, 0. ] ] }
   - { id:752, corners:[ [ 3.4999998752027750e-03,
       -1.2249999493360519e-01, 0. ], [ 3.8499999791383743e-02,
       -1.2249999493360519e-01, 0. ], [ 3.8499999791383743e-02,
       -8.7499998509883881e-02, 0. ], [ 3.4999998752027750e-03,
       -8.7499998509883881e-02, 0. ] ] }
   - { id:892, corners:[ [ 4.5499999076128006e-02,
       -1.2249999493360519e-01, 0. ], [ 8.0499999225139618e-02,
       -1.2249999493360519e-01, 0. ], [ 8.0499999225139618e-02,
       -8.7499998509883881e-02, 0. ], [ 4.5499999076128006e-02,
       -8.7499998509883881e-02, 0. ] ] }
   - { id:304, corners:[ [ -8.0499999225139618e-02,
       -8.0499999225139618e-02, 0. ], [ -4.5499999076128006e-02,
       -8.0499999225139618e-02, 0. ], [ -4.5499999076128006e-02,
       -4.5499999076128006e-02, 0. ], [ -8.0499999225139618e-02,
       -4.5499999076128006e-02, 0. ] ] }
   - { id:996, corners:[ [ -3.8499999791383743e-02,
       -8.0499999225139618e-02, 0. ], [ -3.4999998752027750e-03,
       -8.0499999225139618e-02, 0. ], [ -3.4999998752027750e-03,
       -4.5499999076128006e-02, 0. ], [ -3.8499999791383743e-02,
       -4.5499999076128006e-02, 0. ] ] }
   - { id:11, corners:[ [ 3.4999998752027750e-03,
       -8.0499999225139618e-02, 0. ], [ 3.8499999791383743e-02,
       -8.0499999225139618e-02, 0. ], [ 3.8499999791383743e-02,
       -4.5499999076128006e-02, 0. ], [ 3.4999998752027750e-03,
       -4.5499999076128006e-02, 0. ] ] }
   - { id:1000, corners:[ [ 4.5499999076128006e-02,
       -8.0499999225139618e-02, 0. ], [ 8.0499999225139618e-02,
       -8.0499999225139618e-02, 0. ], [ 8.0499999225139618e-02,
       -4.5499999076128006e-02, 0. ], [ 4.5499999076128006e-02,
       -4.5499999076128006e-02, 0. ] ] }
   - { id:962, corners:[ [ -8.0499999225139618e-02,
       -3.8499999791383743e-02, 0. ], [ -4.5499999076128006e-02,
       -3.8499999791383743e-02, 0. ], [ -4.5499999076128006e-02,
       -3.4999998752027750e-03, 0. ], [ -8.0499999225139618e-02,
       -3.4999998752027750e-03, 0. ] ] }
   - { id:308, corners:[ [ -3.8499999791383743e-02,
       -3.8499999791383743e-02, 0. ], [ -3.4999998752027750e-03,
       -3.8499999791383743e-02, 0. ], [ -3.4999998752027750e-03,
       -3.4999998752027750e-03, 0. ], [ -3.8499999791383743e-02,
       -3.4999998752027750e-03, 0. ] ] }
   - { id:109, corners:[ [ 3.4999998752027750e-03,
       -3.8499999791383743e-02, 0. ], [ 3.8499999791383743e-02,
       -3.8499999791383743e-02, 0. ], [ 3.8499999791383743e-02,
       -3.4999998752027750e-03, 0. ], [ 3.4999998752027750e-03,
       -3.4999998752027750e-03, 0. ] ] }
   - { id:560, corners:[ [ 4.5499999076128006e-02,
       -3.8499999791383743e-02, 0. ], [ 8.0499999225139618e-02,
       -3.8499999791383743e-02, 0. ], [ 8.0499999225139618e-02,
       -3.4999998752027750e-03, 0. ], [ 4.5499999076128006e-02,
       -3.4999998752027750e-03, 0. ] ] }
   - { id:208, corners:[ [ -8.0499999225139618e-02,
       3.4999998752027750e-03, 0. ], [ -4.5499999076128006e-02,
       3.4999998752027750e-03, 0. ], [ -4.5499999076128006e-02,
       3.8499999791383743e-02, 0. ], [ -8.0499999225139618e-02,
       3.8499999791383743e-02, 0. ] ] }
   - { id:295, corners:[ [ -3.8499999791383743e-02,
       3.4999998752027750e-03, 0. ], [ -3.4999998752027750e-03,
       3.4999998752027750e-03, 0. ], [ -3.4999998752027750e-03,
       3.8499999791383743e-02, 0. ], [ -3.8499999791383743e-02,
       3.8499999791383743e-02, 0. ] ] }
   - { id:365, corners:[ [ 3.4999998752027750e-03,
       3.4999998752027750e-03, 0. ], [ 3.8499999791383743e-02,
       3.4999998752027750e-03, 0. ], [ 3.8499999791383743e-02,
       3.8499999791383743e-02, 0. ], [ 3.4999998752027750e-03,
       3.8499999791383743e-02, 0. ] ] }
   - { id:31, corners:[ [ 4.5499999076128006e-02, 3.4999998752027750e-03,
       0. ], [ 8.0499999225139618e-02, 3.4999998752027750e-03, 0. ], [
       8.0499999225139618e-02, 3.8499999791383743e-02, 0. ], [
       4.5499999076128006e-02, 3.8499999791383743e-02, 0. ] ] }
   - { id:1, corners:[ [ -8.0499999225139618e-02, 4.5499999076128006e-02,
       0. ], [ -4.5499999076128006e-02, 4.5499999076128006e-02, 0. ], [
       -4.5499999076128006e-02, 8.0499999225139618e-02, 0. ], [
       -8.0499999225139618e-02, 8.0499999225139618e-02, 0. ] ] }
   - { id:757, corners:[ [ -3.8499999791383743e-02,
       4.5499999076128006e-02, 0. ], [ -3.4999998752027750e-03,
       4.5499999076128006e-02, 0. ], [ -3.4999998752027750e-03,
       8.0499999225139618e-02, 0. ], [ -3.8499999791383743e-02,
       8.0499999225139618e-02, 0. ] ] }
   - { id:875, corners:[ [ 3.4999998752027750e-03,
       4.5499999076128006e-02, 0. ], [ 3.8499999791383743e-02,
       4.5499999076128006e-02, 0. ], [ 3.8499999791383743e-02,
       8.0499999225139618e-02, 0. ], [ 3.4999998752027750e-03,
       8.0499999225139618e-02, 0. ] ] }
   - { id:781, corners:[ [ 4.5499999076128006e-02,
       4.5499999076128006e-02, 0. ], [ 8.0499999225139618e-02,
       4.5499999076128006e-02, 0. ], [ 8.0499999225139618e-02,
       8.0499999225139618e-02, 0. ], [ 4.5499999076128006e-02,
       8.0499999225139618e-02, 0. ] ] }
   - { id:181, corners:[ [ -8.0499999225139618e-02,
       8.7499998509883881e-02, 0. ], [ -4.5499999076128006e-02,
       8.7499998509883881e-02, 0. ], [ -4.5499999076128006e-02,
       1.2249999493360519e-01, 0. ], [ -8.0499999225139618e-02,
       1.2249999493360519e-01, 0. ] ] }
   - { id:294, corners:[ [ -3.8499999791383743e-02,
       8.7499998509883881e-02, 0. ], [ -3.4999998752027750e-03,
       8.7499998509883881e-02, 0. ], [ -3.4999998752027750e-03,
       1.2249999493360519e-01, 0. ], [ -3.8499999791383743e-02,
       1.2249999493360519e-01, 0. ] ] }
   - { id:201, corners:[ [ 3.4999998752027750e-03,
       8.7499998509883881e-02, 0. ], [ 3.8499999791383743e-02,
       8.7499998509883881e-02, 0. ], [ 3.8499999791383743e-02,
       1.2249999493360519e-01, 0. ], [ 3.4999998752027750e-03,
       1.2249999493360519e-01, 0. ] ] }
   - { id:334, corners:[ [ 4.5499999076128006e-02,
       8.7499998509883881e-02, 0. ], [ 8.0499999225139618e-02,
       8.7499998509883881e-02, 0. ], [ 8.0499999225139618e-02,
       1.2249999493360519e-01, 0. ], [ 4.5499999076128006e-02,
       1.2249999493360519e-01, 0. ] ] }
