%YAML:1.0
image_width: 1920
image_height: 1080
camera_matrix: !!opencv-matrix
   rows: 3
   cols: 3
   dt: d
   data: [ 1.3267985222251698e+03, 0., 9.5966995250979994e+02, 0.,
       1.3256333126211146e+03, 5.4108289310195357e+02, 0., 0., 1. ]
distortion_coefficients: !!opencv-matrix
   rows: 1
   cols: 5
   dt: d
   data: [ 7.2175918872303749e-02, -1.1000875858859242e-01,
       -1.8261328872238652e-03, -1.0210552271527418e-03,
       -5.1039897398689117e-02 ]
